1 115.882 
2 60.8882 
3 49.5575 
4 42.6725 
5 37.8921 
6 34.3278 
7 31.5151 
8 29.1692 
9 27.0814 
10 25.1352 
11 23.314 
12 21.7383 
13 20.5696 
14 19.8848 
15 19.6583 
16 19.7121 
17 19.8039 
18 19.7099 
19 19.3324 
20 18.7379 
21 18.1118 
22 17.7035 
23 17.6563 
24 17.9702 
25 18.5091 
26 19.0833 
27 19.5515 
28 19.8578 
29 20.0289 
30 20.1437 
31 20.2128 
32 20.1816 
33 19.9465 
34 19.4549 
35 18.7717 
36 18.0789 
37 17.605 
38 17.5129 
39 17.8158 
40 18.3399 
41 18.8197 
42 19.0349 
43 18.9038 
44 18.5153 
45 18.0558 
46 17.7646 
47 17.8252 
48 18.2714 
49 18.9958 
50 19.8166 
51 20.5604 
52 21.1058 
53 21.4337 
54 21.5892 
55 21.5888 
56 21.3894 
57 20.9304 
58 20.2501 
59 19.4677 
60 18.7503 
61 18.2589 
62 18.0777 
63 18.1766 
64 18.4158 
65 18.5832 
66 18.5292 
67 18.2103 
68 17.7327 
69 17.2697 
70 17.0026 
71 17.0508 
72 17.4553 
73 18.1373 
74 18.9078 
75 19.5962 
76 20.065 
77 20.2728 
78 20.2147 
79 19.9041 
80 19.3442 
81 18.5635 
82 17.657 
83 16.7443 
84 15.9622 
85 15.4106 
86 15.1108 
87 15.0063 
88 15.0044 
89 14.9596 
90 14.7563 
91 14.3673 
92 13.8882 
93 13.4554 
94 13.2153 
95 13.2696 
96 13.6583 
97 14.3166 
98 15.0655 
99 15.7408 
100 16.2062 
101 16.4196 
102 16.3838 
103 16.1235 
104 15.6461 
105 14.9588 
106 14.1403 
107 13.2981 
108 12.5702 
109 12.0812 
110 11.8926 
111 11.9826 
112 12.2404 
113 12.4692 
114 12.5167 
115 12.3182 
116 11.9469 
117 11.5549 
118 11.3274 
119 11.4139 
120 11.8666 
121 12.6075 
122 13.454 
123 14.226 
124 14.7945 
125 15.1313 
126 15.2986 
127 15.3522 
128 15.2791 
129 15.0068 
130 14.5109 
131 13.8689 
132 13.2339 
133 12.7979 
134 12.7326 
135 13.0684 
136 13.6603 
137 14.2529 
138 14.6195 
139 14.6484 
140 14.3893 
141 14.0081 
142 13.754 
143 13.8316 
144 14.2812 
145 14.9856 
146 15.7529 
147 16.4128 
148 16.8806 
149 17.1692 
150 17.366 
151 17.5036 
152 17.5474 
153 17.42 
154 17.058 
155 16.4804 
156 15.8333 
157 15.3583 
158 15.2129 
159 15.4436 
160 15.926 
161 16.4354 
162 16.731 
163 16.6771 
164 16.3057 
165 15.7964 
166 15.4127 
167 15.3275 
168 15.5701 
169 16.0284 
170 16.5163 
171 16.8704 
172 17.0555 
173 17.1105 
174 17.1041 
175 17.0547 
176 16.9369 
177 16.676 
178 16.2091 
179 15.5486 
180 14.8243 
181 14.2655 
182 14.0191 
183 14.1382 
184 14.5141 
185 14.9393 
186 15.177 
187 15.0889 
188 14.698 
189 14.1738 
190 13.7736 
191 13.6762 
192 13.9215 
193 14.4091 
194 14.9602 
195 15.4134 
196 15.724 
197 15.9115 
198 16.0502 
199 16.1628 
200 16.2093 
201 16.1066 
202 15.7763 
203 15.2274 
204 14.5971 
205 14.1294 
206 14.0033 
207 14.2774 
208 14.8374 
209 15.4372 
210 15.8317 
211 15.8829 
212 15.6236 
213 15.2178 
214 14.9137 
215 14.9263 
216 15.3243 
217 16.0168 
218 16.836 
219 17.6152 
220 18.2402 
221 18.6803 
222 18.9928 
223 19.2171 
224 19.3153 
225 19.1865 
226 18.7841 
227 18.1843 
228 17.5504 
229 17.0787 
230 16.9288 
231 17.1411 
232 17.5836 
233 18.0172 
234 18.237 
235 18.1424 
236 17.79 
237 17.3602 
238 17.0629 
239 17.0711 
240 17.4522 
241 18.1591 
242 19.012 
243 19.8244 
244 20.4459 
245 20.8157 
246 20.9387 
247 20.8349 
248 20.4949 
249 19.9025 
250 19.1227 
251 18.2701 
252 17.4889 
253 16.9108 
254 16.6001 
255 16.5183 
256 16.5758 
257 16.617 
258 16.503 
259 16.174 
260 15.7063 
261 15.2427 
262 14.9351 
263 14.9076 
264 15.2082 
265 15.8113 
266 16.5471 
267 17.2443 
268 17.7545 
269 18.011 
270 17.9968 
271 17.7301 
272 17.2215 
273 16.4905 
274 15.6173 
275 14.7132 
276 13.9073 
277 13.3142 
278 12.9909 
279 12.9044 
280 12.9787 
281 13.0626 
282 13.0132 
283 12.7585 
284 12.3501 
285 11.9263 
286 11.642 
287 11.6369 
288 11.9735 
289 12.6258 
290 13.4282 
291 14.1997 
292 14.7918 
293 15.138 
294 15.2616 
295 15.2116 
296 14.9948 
297 14.5741 
298 13.9573 
299 13.2251 
300 12.514 
301 11.9859 
302 11.7806 
303 11.9523 
304 12.3973 
305 12.889 
306 13.2125 
307 13.2446 
308 13.004 
309 12.6307 
310 12.337 
311 12.3311 
312 12.7121 
313 13.4035 
314 14.2353 
315 15.0241 
316 15.6379 
317 16.0375 
318 16.2967 
319 16.4847 
320 16.5836 
321 16.5242 
322 16.2308 
323 15.7128 
324 15.0924 
325 14.5964 
326 14.4234 
327 14.6502 
328 15.1886 
329 15.8108 
330 16.2661 
331 16.3862 
332 16.1623 
333 15.7346 
334 15.365 
335 15.2723 
336 15.5276 
337 16.0488 
338 16.6567 
339 17.1613 
340 17.4875 
341 17.6485 
342 17.7185 
343 17.7373 
344 17.6876 
345 17.507 
346 17.119 
347 16.5182 
348 15.7996 
349 15.1937 
350 14.8703 
351 14.9087 
352 15.2388 
353 15.6672 
354 15.9547 
355 15.932 
356 15.5802 
357 15.0409 
358 14.5653 
359 14.3558 
360 14.4804 
361 14.8659 
362 15.3459 
363 15.7391 
364 15.9793 
365 16.0877 
366 16.1307 
367 16.1429 
368 16.1053 
369 15.9523 
370 15.6006 
371 15.037 
372 14.3501 
373 13.7712 
374 13.4854 
375 13.5838 
376 14.0028 
377 14.5374 
378 14.9399 
379 15.0332 
380 14.7941 
381 14.3521 
382 13.9565 
383 13.8334 
384 14.0798 
385 14.6333 
386 15.3312 
387 16.0031 
388 16.5435 
389 16.9261 
390 17.2137 
391 17.4607 
392 17.6351 
393 17.6544 
394 17.4221 
395 16.9406 
396 16.3446 
397 15.8415 
398 15.6419 
399 15.8408 
400 16.3623 
401 16.9653 
402 17.3982 
403 17.5056 
404 17.2889 
405 16.8987 
406 16.5556 
407 16.4788 
408 16.7886 
409 17.4475 
410 18.308 
411 19.1748 
412 19.8953 
413 20.3852 
414 20.6642 
415 20.7705 
416 20.6885 
417 20.3626 
418 19.7889 
419 19.0561 
420 18.3096 
421 17.7151 
422 17.3977 
423 17.373 
424 17.5599 
425 17.7793 
426 17.8482 
427 17.6661 
428 17.267 
429 16.802 
430 16.4416 
431 16.3446 
432 16.5822 
433 17.156 
434 17.915 
435 18.6743 
436 19.2758 
437 19.6272 
438 19.7072 
439 19.5265 
440 19.0923 
441 18.4149 
442 17.5618 
443 16.6428 
444 15.7859 
445 15.1146 
446 14.6982 
447 14.5106 
448 14.4819 
449 14.4909 
450 14.3959 
451 14.1134 
452 13.6785 
453 13.216 
454 12.8667 
455 12.7692 
456 12.9902 
457 13.539 
458 14.2761 
459 15.0218 
460 15.621 
461 15.9795 
462 16.0866 
463 15.9682 
464 15.6391 
465 15.0938 
466 14.3638 
467 13.5427 
468 12.7522 
469 12.1339 
470 11.8003 
471 11.7817 
472 12.0181 
473 12.3357 
474 12.5391 
475 12.506 
476 12.2289 
477 11.8372 
478 11.5005 
479 11.4082 
480 11.678 
481 12.2926 
482 13.1138 
483 13.947 
484 14.6378 
485 15.0959 
486 15.3577 
487 15.4953 
488 15.5321 
489 15.4162 
490 15.0776 
491 14.5253 
492 13.8792 
493 13.32 
494 13.0544 
495 13.1947 
496 13.693 
497 14.3299 
498 14.8525 
499 15.0746 
500 14.9554 
501 14.6052 
502 14.2479 
503 14.13 
504 14.3816 
505 14.9574 
506 15.6932 
507 16.392 
508 16.9267 
509 17.267 
510 17.4737 
511 17.6169 
512 17.6911 
513 17.6435 
514 17.3871 
515 16.8977 
516 16.2419 
517 15.6368 
518 15.2882 
519 15.3042 
520 15.6532 
521 16.1517 
522 16.5598 
523 16.6748 
524 16.4362 
525 15.9511 
526 15.4592 
527 15.1937 
528 15.256 
529 15.606 
530 16.0888 
531 16.5106 
532 16.7709 
533 16.8785 
534 16.8939 
535 16.8655 
536 16.7905 
537 16.6176 
538 16.2644 
539 15.7023 
540 14.9876 
541 14.3236 
542 13.907 
543 13.8462 
544 14.1223 
545 14.5648 
546 14.9411 
547 15.047 
548 14.815 
549 14.3429 
550 13.8584 
551 13.6027 
552 13.6886 
553 14.0891 
554 14.658 
555 15.2075 
556 15.6297 
557 15.909 
558 16.0961 
559 16.2535 
560 16.3699 
561 16.3845 
562 16.1954 
563 15.7649 
564 15.162 
565 14.5914 
566 14.2843 
567 14.367 
568 14.8202 
569 15.4444 
570 15.9789 
571 16.2188 
572 16.1089 
573 15.7589 
574 15.3803 
575 15.2141 
576 15.423 
577 15.9941 
578 16.7878 
579 17.6287 
580 18.3675 
581 18.9127 
582 19.2863 
583 19.5411 
584 19.6814 
585 19.6387 
586 19.3315 
587 18.779 
588 18.1153 
589 17.5223 
590 17.1794 
591 17.1864 
592 17.4974 
593 17.9208 
594 18.226 
595 18.259 
596 17.9955 
597 17.5711 
598 17.1756 
599 17.0099 
600 17.1885 
601 17.7323 
602 18.5221 
603 19.3614 
604 20.0817 
605 20.5645 
606 20.7908 
607 20.7728 
608 20.5161 
609 20.0092 
610 19.2781 
611 18.4229 
612 17.5694 
613 16.8619 
614 16.4011 
615 16.1908 
616 16.1665 
617 16.2113 
618 16.1692 
619 15.9358 
620 15.5176 
621 15.0331 
622 14.6259 
623 14.4439 
624 14.5693 
625 15.0287 
626 15.7167 
627 16.4514 
628 17.0739 
629 17.4653 
630 17.595 
631 17.4647 
632 17.0917 
633 16.4854 
634 15.6883 
635 14.7986 
636 13.9332 
637 13.2252 
638 12.7722 
639 12.5886 
640 12.624 
641 12.7622 
642 12.8323 
643 12.7167 
644 12.3954 
645 11.9724 
646 11.5973 
647 11.4365 
648 11.5963 
649 12.1068 
650 12.8669 
651 13.6866 
652 14.3989 
653 14.8842 
654 15.1319 
655 15.1955 
656 15.1062 
657 14.8463 
658 14.3755 
659 13.7239 
660 13.0037 
661 12.3697 
662 11.9892 
663 11.9843 
664 12.341 
665 12.8779 
666 13.3519 
667 13.5753 
668 13.483 
669 13.1678 
670 12.8044 
671 12.6236 
672 12.8034 
673 13.3497 
674 14.1251 
675 14.9437 
676 15.6437 
677 16.1352 
678 16.4474 
679 16.6691 
680 16.823 
681 16.8662 
682 16.7081 
683 16.3085 
684 15.7211 
685 15.126 
686 14.7603 
687 14.764 
688 15.1443 
689 15.7339 
690 16.2867 
691 16.5764 
692 16.5016 
693 16.1343 
694 15.6804 
695 15.4064 
696 15.4573 
697 15.8306 
698 16.3878 
699 16.9297 
700 17.3155 
701 17.5252 
702 17.6064 
703 17.6281 
704 17.5985 
705 17.4795 
706 17.1906 
707 16.6856 
708 15.998 
709 15.2987 
710 14.8049 
711 14.6439 
712 14.8337 
713 15.2312 
714 15.6167 
715 15.7659 
716 15.5755 
717 15.1082 
718 14.5695 
719 14.2068 
720 14.1607 
721 14.4347 
722 14.9008 
723 15.371 
724 15.7099 
725 15.902 
726 15.9906 
727 16.0412 
728 16.0593 
729 16.0015 
730 15.7821 
731 15.3444 
732 14.715 
733 14.0638 
734 13.6224 
735 13.5357 
736 13.8311 
737 14.3605 
738 14.8841 
739 15.1712 
740 15.1105 
741 14.7657 
742 14.3247 
743 14.0499 
744 14.117 
745 14.5474 
746 15.2198 
747 15.9561 
748 16.6121 
749 17.1091 
750 17.4614 
751 17.7433 
752 17.9703 
753 18.0858 
754 17.9808 
755 17.606 
756 17.0395 
757 16.4592 
758 16.0757 
759 16.0569 
760 16.417 
761 16.9879 
762 17.5066 
763 17.7648 
764 17.6815 
765 17.3431 
766 16.9389 
767 16.6999 
768 16.8011 
769 17.287 
770 18.0669 
771 18.9521 
772 19.7623 
773 20.3665 
774 20.7345 
775 20.8984 
776 20.8713 
777 20.6241 
778 20.1172 
779 19.4118 
780 18.6253 
781 17.9181 
782 17.4358 
783 17.2419 
784 17.2966 
785 17.4792 
786 17.599 
787 17.5171 
788 17.1939 
789 16.732 
790 16.2924 
791 16.0427 
792 16.0967 
793 16.4954 
794 17.1699 
795 17.9359 
796 18.6248 
797 19.0976 
798 19.3082 
799 19.2463 
800 18.9275 
801 18.3604 
802 17.5772 
803 16.6727 
804 15.7642 
805 14.9854 
806 14.4356 
807 14.1401 
808 14.0464 
809 14.0658 
810 14.0523 
811 13.8862 
812 13.5309 
813 13.0741 
814 12.6527 
815 12.4153 
816 12.4713 
817 12.8647 
818 13.5372 
819 14.3101 
820 15.016 
821 15.5162 
822 15.7673 
823 15.782 
824 15.5912 
825 15.1996 
826 14.5948 
827 13.8386 
828 13.0334 
829 12.3199 
830 11.8371 
831 11.6736 
832 11.8278 
833 12.177 
834 12.5083 
835 12.6505 
836 12.5236 
837 12.1886 
838 11.8012 
839 11.5596 
840 11.6356 
841 12.0891 
842 12.8302 
843 13.6825 
844 14.464 
845 15.0485 
846 15.411 
847 15.6225 
848 15.7426 
849 15.754 
850 15.5729 
851 15.157 
852 14.5613 
853 13.9388 
854 13.5014 
855 13.4293 
856 13.7618 
857 14.3653 
858 14.9855 
859 15.3875 
860 15.4438 
861 15.1909 
862 14.7941 
863 14.5176 
864 14.5602 
865 14.9646 
866 15.6164 
867 16.3229 
868 16.9104 
869 17.3106 
870 17.5397 
871 17.6828 
872 17.7696 
873 17.7684 
874 17.6065 
875 17.2177 
876 16.6156 
877 15.9368 
878 15.4198 
879 15.2195 
880 15.3882 
881 15.8117 
882 16.2752 
883 16.5388 
884 16.4623 
885 16.0695 
886 15.536 
887 15.1203 
888 14.9973 
889 15.202 
890 15.6279 
891 16.0939 
892 16.4352 
893 16.6139 
894 16.6674 
895 16.6632 
896 16.6208 
897 16.5159 
898 16.2741 
899 15.8282 
900 15.1861 
901 14.4707 
902 13.9142 
903 13.6703 
904 13.7993 
905 14.1989 
906 14.6594 
907 14.941 
908 14.8982 
909 14.5474 
910 14.0487 
911 13.6627 
912 13.5793 
913 13.8491 
914 14.3775 
915 14.9885 
916 15.5194 
917 15.9096 
918 16.1674 
919 16.3678 
920 16.5402 
921 16.643 
922 16.5888 
923 16.2943 
924 15.7715 
925 15.1622 
926 14.7031 
927 14.5859 
928 14.872 
929 15.4504 
930 16.0677 
931 16.4777 
932 16.5424 
933 16.2991 
934 15.9074 
935 15.6078 
936 15.6156 
937 16.0167 
938 16.7264 
939 17.5826 
940 18.407 
941 19.0717 
942 19.5299 
943 19.8281 
944 20.0037 
945 20.0248 
946 19.8055 
947 19.3222 
948 18.6642 
949 17.9915 
950 17.4878 
951 17.2914 
952 17.4278 
953 17.7781 
954 18.1207 
955 18.2639 
956 18.1142 
957 17.7311 
958 17.2887 
959 16.9813 
960 16.97 
961 17.3185 
962 17.9917 
963 18.8129 
964 19.598 
965 20.1942 
966 20.5346 
967 20.6128 
968 20.4467 
969 20.0338 
970 19.3749 
971 18.5432 
972 17.6545 
973 16.8463 
974 16.2408 
975 15.8949 
976 15.7673 
977 15.7749 
978 15.7771 
979 15.6396 
980 15.3016 
981 14.8334 
982 14.3703 
983 14.058 
984 14.0203 
985 14.307 
986 14.8996 
987 15.633 
988 16.3355 
989 16.8582 
990 17.131 
991 17.1396 
992 16.9057 
993 16.4401 
994 15.7536 
995 14.9164 
996 14.0364 
997 13.2418 
998 12.6561 
999 12.3511 
