
0.05 -29.0965 
0.1 -25.0547 
0.15 -20.733 
0.2 -16.0464 
0.25 -10.8371 
0.3 -5.03508 
0.35 0.958487 
0.4 7.07905 
0.45 13.5956 
0.5 20.8038 
0.55 29.0522 
0.6 38.6977 
0.65 50.0747 
0.7 63.303 
0.75 79.5788 
0.8 100.564 
0.85 129.271 
0.9 172.652 
0.95 255.519 
0.05 -29.0965 
0.1 -25.0547 
0.15 -20.733 
0.2 -16.0464 
0.25 -10.8371 
0.3 -5.03508 
0.35 0.958487 
0.4 7.07905 
0.45 13.5956 
0.5 20.8038 
0.55 29.0522 
0.6 38.6977 
0.65 50.0747 
0.7 63.303 
0.75 79.5788 
0.8 100.564 
0.85 129.271 
0.9 172.652 
0.95 255.519 
0.05 -2.64855 
0.1 -0.408538 
0.15 1.91296 
0.2 4.32167 
0.25 6.82615 
0.3 9.43312 
0.35 12.1484 
0.4 14.9854 
0.45 17.9528 
0.5 21.0673 
0.55 24.3388 
0.6 27.7855 
0.65 31.4268 
0.7 35.2892 
0.75 39.4165 
0.8 43.8614 
0.85 48.5852 
0.9 53.5978 
0.95 58.9947 
0.05 -29.0965 
0.1 -25.0547 
0.15 -20.733 
0.2 -16.0464 
0.25 -10.8371 
0.3 -5.03508 
0.35 0.958487 
0.4 7.07905 
0.45 13.5956 
0.5 20.8038 
0.55 29.0522 
0.6 38.6977 
0.65 50.0747 
0.7 63.303 
0.05 -2.64855 
0.75 79.5788 
0.1 -0.408538 
0.15 1.91296 
0.2 4.32167 
0.25 6.82615 
0.3 9.43312 
0.35 12.1484 
0.4 14.9854 
0.45 17.9528 
0.8 100.564 
0.5 21.0673 
0.55 24.3388 
0.6 27.7855 
0.65 31.4268 
0.7 35.2892 
0.75 39.4165 
0.8 43.8614 
0.85 129.271 
0.85 48.5852 
0.9 53.5978 
0.95 58.9947 
0.9 172.652 
0.95 255.519 
0.05 -29.0965 
0.1 -25.0547 
0.15 -20.733 
0.2 -16.0464 
0.25 -10.8371 
0.3 -5.03508 
0.35 0.958487 
0.4 7.07905 
0.45 13.5956 
0.5 20.8038 
0.55 29.0522 
0.6 38.6977 
0.65 50.0747 
0.7 63.303 
0.75 79.5788 
0.8 100.564 
0.85 129.271 
0.9 172.652 
0.95 255.519 
0.05 -29.0965 
0.1 -25.0547 
0.15 -20.733 
0.2 -16.0464 
0.25 -10.8371 
0.05 -2.64855 
0.1 -0.408538 
0.15 1.91296 
0.2 4.32167 
0.25 6.82615 
0.3 9.43312 
0.35 12.1484 
0.4 14.9854 
0.45 17.9528 
0.5 21.0673 
0.55 24.3388 
0.6 27.7855 
0.65 31.4268 
0.7 35.2892 
0.75 39.4165 
0.8 43.8614 
0.85 48.5852 
0.9 53.5978 
0.95 58.9947 
0.05 -2.64855 
0.1 -0.408538 
0.15 1.91296 
0.2 4.32167 
0.25 6.82615 
0.3 9.43312 
0.35 12.1484 
0.4 14.9854 
0.45 17.9528 
0.5 21.0673 
0.55 24.3388 
0.6 27.7855 
0.65 31.4268 
0.7 35.2892 
0.75 39.4165 
0.8 43.8614 
0.85 48.5852 
0.9 53.5978 
0.95 58.9947 
0.05 -3.61551 
0.1 -1.39655 
0.15 0.901223 
0.2 3.28326 
0.25 5.75558 
0.3 8.32493 
0.35 10.9989 
0.4 13.7858 
0.45 16.6954 
0.5 19.7387 
0.55 22.928 
0.6 26.2781 
0.65 29.8058 
0.7 33.531 
0.75 37.4776 
0.8 41.6741 
0.85 46.1558 
0.9 50.9662 
0.95 56.1609 
0.05 -3.61551 
0.1 -1.39655 
0.15 0.901223 
0.2 3.28326 
0.25 5.75558 
0.3 8.32493 
0.35 10.9989 
0.4 13.7858 
0.45 16.6954 
0.5 19.7387 
0.55 22.928 
0.6 26.2781 
0.65 29.8058 
0.7 33.531 
0.75 37.4776 
0.8 41.6741 
0.85 46.1558 
0.9 50.9662 
0.95 56.1609 
0.05 -3.61551 
0.1 -1.39655 
0.15 0.901223 
0.2 3.28326 
0.25 5.75558 
0.3 8.32493 
0.35 10.9989 
0.4 13.7858 
0.45 16.6954 
0.5 19.7387 
0.55 22.928 
0.6 26.2781 
0.65 29.8058 
0.7 33.531 
0.75 37.4776 
0.8 41.6741 
0.85 46.1558 
0.9 50.9662 
0.95 56.1609 
0.05 -3.61551 
0.1 -1.39655 
0.15 0.901223 
0.2 3.28326 
0.25 5.75558 
0.3 8.32493 
0.35 10.9989 
0.4 13.7858 
0.45 16.6954 
0.5 19.7387 
0.55 22.928 
0.6 26.2781 
0.65 29.8058 
0.7 33.531 
0.75 37.4776 
0.8 41.6741 
0.85 46.1558 
0.9 50.9662 
0.95 56.1609 
0.05 -27.728 
0.1 -24.2357 
0.15 -20.4925 
0.2 -16.4643 
0.25 -12.1093 
0.3 -7.37655 
0.35 -2.20257 
0.4 3.49263 
0.45 9.81187 
0.05 -3.61551 
0.1 -1.39655 
0.15 0.901223 
0.2 3.28326 
0.5 16.8901 
0.25 5.75558 
0.3 8.32493 
0.35 10.9989 
0.4 13.7858 
0.45 16.6954 
0.5 19.7387 
0.55 22.928 
0.6 26.2781 
0.65 29.8058 
0.7 33.531 
0.75 37.4776 
0.8 41.6741 
0.85 46.1558 
0.9 50.9662 
0.95 56.1609 
0.55 24.9089 
0.6 34.1201 
0.65 44.8859 
0.05 -3.61551 
0.1 -1.39655 
0.15 0.901223 
0.2 3.28326 
0.25 5.75558 
0.3 8.32493 
0.35 10.9989 
0.4 13.7858 
0.45 16.6954 
0.7 57.7526 
0.5 19.7387 
0.55 22.928 
0.6 26.2781 
0.65 29.8058 
0.7 33.531 
0.75 37.4776 
0.8 41.6741 
0.85 46.1558 
0.9 50.9662 
0.95 56.1609 
0.75 73.595 
0.8 93.9338 
0.85 121.746 
0.9 164.061 
0.95 244.701 
0.05 -27.728 
0.05 -3.61551 
0.1 -1.39655 
0.15 0.901223 
0.2 3.28326 
0.25 5.75558 
0.3 8.32493 
0.35 10.9989 
0.4 13.7858 
0.45 16.6954 
0.5 19.7387 
0.55 22.928 
0.6 26.2781 
0.65 29.8058 
0.7 33.531 
0.75 37.4776 
0.8 41.6741 
0.85 46.1558 
0.9 50.9662 
0.95 56.1609 
0.05 -3.61551 
0.1 -1.39655 
0.15 0.901223 
0.2 3.28326 
0.25 5.75558 
0.3 8.32493 
0.35 10.9989 
0.4 13.7858 
0.45 16.6954 
0.5 19.7387 
0.55 22.928 
0.6 26.2781 
0.65 29.8058 
0.7 33.531 
0.75 37.4776 
0.8 41.6741 
0.85 46.1558 
0.9 50.9662 
0.95 56.1609 
0.05 -5.60742 
0.1 -3.40834 
0.15 -1.12931 
0.2 1.23389 
0.25 3.68975 
0.3 6.24393 
0.35 8.90148 
0.4 11.6777 
0.45 14.5773 
0.5 17.6158 
0.55 20.8029 
0.6 24.1567 
0.65 27.6964 
0.7 31.4458 
0.75 35.4383 
0.8 39.7148 
0.85 44.2825 
0.9 49.1639 
0.95 54.4355 
0.05 -0.854562 
0.1 1.44026 
0.15 3.81904 
0.2 6.28899 
0.25 8.85637 
0.3 11.5296 
0.35 14.3175 
0.4 17.2326 
0.45 20.2845 
0.5 23.485 
0.55 26.8513 
0.6 30.4027 
0.65 34.162 
0.7 38.1574 
0.75 42.4275 
0.8 47.0174 
0.85 51.9493 
0.9 57.2722 
0.95 63.0799 
0.05 -0.505726 
0.1 1.77503 
0.15 4.13896 
0.2 6.59283 
0.25 9.14321 
0.3 11.7979 
0.35 14.566 
0.4 17.4594 
0.45 20.4877 
0.5 23.6628 
0.55 26.9997 
0.6 30.5164 
0.65 34.2361 
0.7 38.1821 
0.75 42.3924 
0.8 46.9066 
0.85 51.7415 
0.9 56.9375 
0.95 62.5829 
0.05 -2.64855 
0.1 -0.408538 
0.15 1.91296 
0.2 4.32167 
0.25 6.82615 
0.3 9.43312 
0.35 12.1484 
0.4 14.9854 
0.45 17.9528 
0.5 21.0673 
0.55 24.3388 
0.6 27.7855 
0.65 31.4268 
0.7 35.2892 
0.75 39.4165 
0.8 43.8614 
0.85 48.5852 
0.9 53.5978 
0.95 58.9947 
0.05 -54.1645 
0.1 -52.9845 
0.15 -51.7709 
0.2 -50.5261 
0.25 -49.2433 
0.3 -47.9278 
0.35 -46.5725 
0.4 -45.1791 
0.45 -43.7429 
0.5 -42.2646 
0.55 -40.7428 
0.6 -39.1698 
0.65 -37.5462 
0.7 -35.8682 
0.75 -34.1337 
0.8 -32.339 
0.85 -30.484 
0.9 -28.5607 
0.95 -26.564 
0.05 -5.60742 
0.1 -3.40834 
0.15 -1.12931 
0.2 1.23389 
0.25 3.68975 
0.3 6.24393 
0.35 8.90148 
0.4 11.6777 
0.45 14.5773 
0.5 17.6158 
0.55 20.8029 
0.6 24.1567 
0.65 27.6964 
0.7 31.4458 
0.75 35.4383 
0.8 39.7148 
0.85 44.2825 
0.9 49.1639 
0.95 54.4355 
