
0.05 -29.0965 
0.1 -25.0547 
0.15 -20.733 
0.2 -16.0464 
0.25 -10.8371 
0.3 -5.03508 
0.35 0.958487 
0.4 7.07905 
0.45 13.5956 
0.5 20.8038 
0.55 29.0522 
0.6 38.6977 
0.65 50.0747 
0.7 63.303 
0.75 79.5788 
0.8 100.564 
0.85 129.271 
0.9 172.652 
0.95 255.519 
0.05 -29.0965 
0.1 -25.0547 
0.15 -20.733 
0.2 -16.0464 
0.25 -10.8371 
0.3 -5.03508 
0.35 0.958487 
0.4 7.07905 
0.45 13.5956 
0.5 20.8038 
0.55 29.0522 
0.6 38.6977 
0.65 50.0747 
0.7 63.303 
0.75 79.5788 
0.8 100.564 
0.85 129.271 
0.9 172.652 
0.95 255.519 
