1400 36.8298 
1400 34.8164 
1400 33.2132 
1400 31.899 
1400 30.8353 
1400 29.9574 
1400 29.1657 
1400 28.3354 
1400 27.3542 
1399 26.2061 
1399 24.9915 
1399 23.9626 
1399 23.2884 
1399 23.0337 
1399 23.0972 
1399 23.2517 
1399 23.2353 
1399 22.884 
1399 22.2086 
1398 21.3876 
1398 20.6924 
1398 20.331 
1398 20.3499 
1398 20.6428 
1398 21.0134 
1398 21.269 
1398 21.359 
1398 21.3296 
1398 21.2682 
1397 21.2098 
1397 21.1144 
1397 20.9029 
1397 20.4776 
1397 19.8276 
1397 19.0614 
1397 18.4369 
1397 18.1514 
1397 18.2895 
1397 18.7596 
1396 19.3191 
1396 19.6874 
1396 19.6958 
1396 19.3524 
1396 18.8254 
1396 18.3944 
1396 18.2911 
1396 18.595 
1396 19.2102 
1396 19.9425 
1395 20.6089 
1395 21.1051 
1395 21.4352 
1395 21.6863 
1395 21.9179 
1395 22.0852 
1395 22.0839 
1395 21.8078 
1395 21.2685 
1395 20.6259 
1394 20.1092 
1394 19.9347 
1394 20.1939 
1394 20.777 
1394 21.4052 
1394 21.8065 
1394 21.8333 
1394 21.5191 
1394 21.0557 
1394 20.6911 
1393 20.6481 
1393 21.021 
1393 21.7482 
1393 22.6498 
1393 23.5113 
1393 24.1809 
1393 24.5947 
1393 24.795 
1393 24.8296 
1393 24.6779 
1392 24.2766 
1392 23.6218 
1392 22.8217 
1392 22.0367 
1392 21.4423 
1392 21.1581 
1392 21.1781 
1392 21.3964 
1392 21.6129 
1392 21.6397 
1391 21.3881 
1391 20.9144 
1391 20.4023 
1391 20.0366 
1391 19.975 
1391 20.2721 
1391 20.9055 
1391 21.6953 
1391 22.4428 
1391 22.9896 
1390 23.26 
1390 23.2461 
1390 22.9801 
1390 22.4705 
1390 21.7253 
1390 20.816 
1390 19.8601 
1390 18.995 
1390 18.3478 
1390 17.9812 
1389 17.8519 
1389 17.867 
1389 17.895 
1389 17.7883 
1389 17.4706 
1389 16.9969 
1389 16.5128 
1389 16.1745 
1389 16.1243 
1389 16.4175 
1388 17.0415 
1388 17.8228 
1388 18.5736 
1388 19.1375 
1388 19.4361 
1388 19.4817 
1388 19.3181 
1388 18.9605 
1388 18.3938 
1388 17.6447 
1387 16.8098 
1387 16.0172 
1387 15.4259 
1387 15.1524 
1387 15.2208 
1387 15.5482 
1387 15.9307 
1387 16.1561 
1387 16.1037 
1387 15.7851 
1386 15.3598 
1386 15.0178 
1386 14.9664 
1386 15.3137 
1386 16.0111 
1386 16.8894 
1386 17.7372 
1386 18.4018 
1386 18.8145 
1386 19.0422 
1385 19.1734 
1385 19.2182 
1385 19.1133 
1385 18.7745 
1385 18.2085 
1385 17.5479 
1385 16.9957 
1385 16.7765 
1385 16.9961 
1385 17.5834 
1384 18.2856 
1384 18.8193 
1384 19.0025 
1384 18.8161 
1384 18.4045 
1384 18.0256 
1384 17.9354 
1384 18.2463 
1384 18.8819 
1384 19.6481 
1383 20.3311 
1383 20.8084 
1383 21.0832 
1383 21.242 
1383 21.3601 
1383 21.4225 
1383 21.36 
1383 21.0735 
1383 20.5389 
1383 19.8368 
1382 19.2087 
1382 18.865 
1382 18.9155 
1382 19.3081 
1382 19.8317 
1382 20.2231 
1382 20.2773 
1382 19.9547 
1382 19.3956 
1382 18.868 
1381 18.6108 
1381 18.7067 
1381 19.095 
1381 19.5944 
1381 19.9968 
1381 20.2113 
1381 20.269 
1381 20.2506 
1381 20.2093 
1381 20.1341 
1380 19.9585 
1380 19.5826 
1380 18.9843 
1380 18.2325 
1380 17.5537 
1380 17.1554 
1380 17.1449 
1380 17.4844 
1380 17.9755 
1380 18.3609 
1379 18.4317 
1379 18.1348 
1379 17.6056 
1379 17.0997 
1379 16.8677 
1379 17.0116 
1379 17.4786 
1379 18.0954 
1379 18.6592 
1379 19.068 
1378 19.3235 
1378 19.493 
1378 19.6536 
1378 19.7844 
1378 19.8086 
1378 19.6097 
1378 19.1505 
1378 18.5183 
1378 17.9406 
1378 17.6632 
1377 17.8101 
1377 18.3354 
1377 19.0115 
1377 19.5523 
1377 19.7492 
1377 19.5715 
1377 19.163 
1377 18.763 
1377 18.6223 
1377 18.8936 
1376 19.5374 
1376 20.3816 
1376 21.2394 
1376 21.9588 
1376 22.461 
1376 22.7892 
1376 23.0063 
1376 23.1118 
1376 23.0237 
1376 22.6588 
1375 22.0478 
1375 21.3354 
1375 20.725 
1375 20.4001 
1375 20.4475 
1375 20.7973 
1375 21.2333 
1375 21.5118 
1375 21.4838 
1375 21.1487 
1374 20.6708 
1374 20.254 
1374 20.1094 
1374 20.3366 
1374 20.9365 
1374 21.7626 
1374 22.6024 
1374 23.2843 
1374 23.7014 
1374 23.8522 
1373 23.7607 
1373 23.4285 
1373 22.8502 
1373 22.0557 
1373 21.152 
1373 20.2738 
1373 19.5708 
1373 19.1388 
1373 18.9663 
1373 18.9725 
1372 19.0264 
1372 18.9612 
1372 18.6853 
1372 18.2222 
1372 17.7081 
1372 17.2988 
1372 17.1456 
1372 17.3217 
1372 17.8384 
1372 18.5664 
1371 19.3096 
1371 19.8995 
1371 20.2349 
1371 20.3016 
1371 20.1157 
1371 19.6984 
1371 19.0556 
1371 18.2283 
1371 17.3186 
1371 16.4502 
1370 15.7633 
1370 15.3514 
1370 15.227 
1370 15.3259 
1370 15.5118 
1370 15.6003 
1370 15.4735 
1370 15.1245 
1370 14.678 
1370 14.3014 
1369 14.1718 
1369 14.3862 
1369 14.9627 
1369 15.7748 
1369 16.6152 
1369 17.3126 
1369 17.7583 
1369 17.9654 
1369 18.006 
1369 17.9139 
1368 17.6601 
1368 17.187 
1368 16.5269 
1368 15.8003 
1368 15.1758 
1368 14.8332 
1368 14.8973 
1368 15.337 
1368 15.9435 
1368 16.4515 
1367 16.6656 
1367 16.5289 
1367 16.1682 
1367 15.7849 
1367 15.6246 
1367 15.8589 
1367 16.4692 
1367 17.2911 
1367 18.1205 
1367 18.7957 
1366 19.2458 
1366 19.5196 
1366 19.7253 
1366 19.878 
1366 19.9226 
1366 19.7551 
1366 19.3328 
1366 18.716 
1366 18.1057 
1366 17.7519 
1365 17.793 
1365 18.2167 
1365 18.8372 
1365 19.388 
1365 19.6352 
1365 19.4913 
1365 19.0551 
1365 18.5609 
1365 18.2848 
1365 18.3613 
1364 18.767 
1364 19.3345 
1364 19.8558 
1364 20.1944 
1364 20.3486 
1364 20.3856 
1364 20.3807 
1364 20.337 
1364 20.2052 
1364 19.8936 
1363 19.3544 
1363 18.6245 
1363 17.8994 
1363 17.4058 
1363 17.2707 
1363 17.4996 
1363 17.9283 
1363 18.3172 
1363 18.4347 
1363 18.1894 
1362 17.6681 
1362 17.0963 
1362 16.7375 
1362 16.725 
1362 17.0438 
1362 17.5444 
1362 18.0228 
1362 18.3468 
1362 18.5149 
1362 18.587 
1361 18.6377 
1361 18.6623 
1361 18.6121 
1361 18.3889 
1361 17.9331 
1361 17.2799 
1361 16.6189 
1361 16.1951 
1361 16.1556 
1361 16.5148 
1360 17.0996 
1360 17.641 
1360 17.9071 
1360 17.7991 
1360 17.4069 
1360 16.9438 
1360 16.6829 
1360 16.7972 
1360 17.2888 
1360 18.013 
1359 18.7774 
1359 19.4294 
1359 19.9052 
1359 20.2368 
1359 20.507 
1359 20.7287 
1359 20.8347 
1359 20.7041 
1359 20.2908 
1359 19.6895 
1358 19.0916 
1358 18.7138 
1358 18.7277 
1358 19.1301 
1358 19.7264 
1358 20.2365 
1358 20.4513 
1358 20.3041 
1358 19.9087 
1358 19.4766 
1357 19.2484 
1357 19.3849 
1357 19.9186 
1357 20.7383 
1357 21.6361 
1357 22.4272 
1357 22.9861 
1357 23.2987 
1357 23.4067 
1357 23.3239 
1356 23.0178 
1356 22.4457 
1356 21.6852 
1356 20.8619 
1356 20.1435 
1356 19.6748 
1356 19.5066 
1356 19.5825 
1356 19.7681 
1356 19.8661 
1355 19.7417 
1355 19.365 
1355 18.8636 
1355 18.4088 
1355 18.172 
1355 18.2595 
1355 18.7 
1355 19.405 
1355 20.1766 
1355 20.8425 
1354 21.2691 
1354 21.4169 
1354 21.2947 
1354 20.9224 
1354 20.3077 
1354 19.4844 
1354 18.5506 
1354 17.629 
1354 16.8579 
1354 16.3358 
1353 16.0796 
1353 16.0207 
1353 16.0655 
1353 16.0581 
1353 15.8788 
1353 15.5003 
1353 15.0245 
1353 14.5999 
1353 14.3833 
1353 14.4808 
1352 14.9276 
1352 15.6395 
1352 16.4305 
1352 17.1278 
1352 17.5971 
1352 17.8097 
1352 17.7938 
1352 17.5858 
1352 17.1861 
1352 16.5751 
1351 15.8127 
1351 15.0005 
1351 14.2942 
1351 13.8395 
1351 13.7265 
1351 13.9459 
1351 14.3538 
1351 14.7196 
1351 14.8662 
1351 14.7199 
1350 14.36 
1350 13.9547 
1350 13.7233 
1350 13.8396 
1350 14.3476 
1350 15.1338 
1350 16.0068 
1350 16.781 
1350 17.338 
1350 17.6729 
1349 17.8731 
1349 17.993 
1349 18.0119 
1349 17.8348 
1349 17.4138 
1349 16.8069 
1349 16.1787 
1349 15.7583 
1349 15.7259 
1349 16.1115 
1348 16.7611 
1348 17.3974 
1348 17.7835 
1348 17.7978 
1348 17.4966 
1348 17.0677 
1348 16.7906 
1348 16.8579 
1348 17.295 
1348 17.9678 
1347 18.6682 
1347 19.2159 
1347 19.5646 
1347 19.7481 
1347 19.8604 
1347 19.9276 
1347 19.9102 
1347 19.726 
1347 19.3061 
1347 18.6689 
1346 17.9657 
1346 17.4391 
1346 17.2494 
1346 17.4403 
1346 17.881 
1346 18.3419 
1346 18.5748 
1346 18.447 
1346 18.0008 
1346 17.4324 
1345 17.0104 
1345 16.8997 
1345 17.1279 
1345 17.5715 
1345 18.0356 
1345 18.3558 
1345 18.5051 
1345 18.5341 
1345 18.518 
1345 18.4744 
1344 18.3708 
1344 18.1185 
1344 17.6537 
1344 16.9879 
1344 16.2583 
1344 15.707 
1344 15.4903 
1344 15.6615 
1344 16.1016 
1344 16.5834 
1343 16.8578 
1343 16.7798 
1343 16.3907 
1343 15.8691 
1343 15.4883 
1343 15.4355 
1343 15.7499 
1343 16.3196 
1343 16.9546 
1343 17.4916 
1342 17.8755 
1342 18.1207 
1342 18.3191 
1342 18.4984 
1342 18.6086 
1342 18.5509 
1342 18.2397 
1342 17.6951 
1342 17.075 
1342 16.6251 
1341 16.5401 
1341 16.8668 
1341 17.4807 
1341 18.1095 
1341 18.4995 
1341 18.5224 
1341 18.2357 
1341 17.8177 
1341 17.5202 
1341 17.5584 
1340 18.0025 
1340 18.7468 
1340 19.6228 
1340 20.4443 
1340 21.086 
1340 21.5118 
1340 21.7767 
1340 21.9189 
1340 21.9003 
1340 21.6328 
1339 21.1013 
1339 20.3999 
1339 19.7046 
1339 19.2012 
1339 19.0213 
1339 19.1744 
1339 19.5287 
1339 19.853 
1339 19.9574 
1339 19.7594 
1338 19.3362 
1338 18.8688 
1338 18.5628 
1338 18.5728 
1338 18.9516 
1338 19.6496 
1338 20.4766 
1338 21.2454 
1338 21.8047 
1338 22.098 
1337 22.1263 
1337 21.9048 
1337 21.4396 
1337 20.7334 
1337 19.8646 
1337 18.9529 
1337 18.1398 
1337 17.5456 
1337 17.2195 
1337 17.1106 
1336 17.1278 
1336 17.1195 
1336 16.9595 
1336 16.5943 
1336 16.105 
1336 15.6344 
1336 15.3325 
1336 15.3206 
1336 15.642 
1336 16.2655 
1335 17.0141 
1335 17.7061 
1335 18.2016 
1335 18.4398 
1335 18.4156 
1335 18.1563 
1335 17.6726 
1335 16.9717 
1335 16.1246 
1335 15.2411 
1334 14.4545 
1334 13.8861 
1334 13.6128 
1334 13.6118 
1334 13.7971 
1334 13.9895 
1334 14.027 
1334 13.828 
1334 13.4421 
1334 13.0208 
1333 12.7382 
1333 12.7465 
1333 13.1201 
1333 13.8151 
1333 14.6576 
1333 15.4539 
1333 16.0588 
1333 16.4139 
1333 16.5699 
1333 16.5922 
1332 16.4842 
1332 16.1813 
1332 15.6621 
1332 14.9893 
1332 14.3056 
1332 13.7936 
1332 13.6281 
1332 13.8748 
1332 14.4246 
1332 15.0251 
1331 15.4343 
1331 15.5074 
1331 15.2757 
1331 14.8871 
1331 14.5791 
1331 14.5783 
1331 14.9722 
1331 15.6709 
1331 16.4853 
1331 17.229 
1330 17.7824 
1330 18.1268 
1330 18.356 
1330 18.5322 
1330 18.6287 
1330 18.5737 
1330 18.2826 
1330 17.7563 
1330 17.1094 
1330 16.5874 
1329 16.3839 
1329 16.572 
1329 17.0674 
1329 17.6435 
1329 18.0434 
1329 18.097 
1329 17.7982 
1329 17.3011 
1329 16.875 
1329 16.7344 
1328 16.9408 
1328 17.3996 
1328 17.9333 
1328 18.3507 
1328 18.5865 
1328 18.6699 
1328 18.6775 
1328 18.6447 
1328 18.5547 
1328 18.3391 
1327 17.9189 
1327 17.2829 
1327 16.5332 
1327 15.9035 
1327 15.5652 
1327 15.5979 
1327 15.9293 
1327 16.36 
1327 16.6449 
1327 16.6129 
1326 16.2488 
1326 15.6951 
1326 15.2153 
1326 15.0175 
1326 15.1692 
1326 15.5935 
1326 16.1174 
1326 16.5557 
1326 16.8423 
1326 16.9957 
1325 17.0888 
1325 17.1566 
1325 17.1787 
1325 17.0825 
1325 16.7744 
1325 16.2399 
1325 15.5758 
1325 15.0215 
1325 14.7787 
1325 14.9408 
1324 15.4356 
1324 16.032 
1324 16.4764 
1324 16.5917 
1324 16.3652 
1324 15.9388 
1324 15.5627 
1324 15.4714 
1324 15.7697 
1324 16.3918 
1323 17.1691 
1323 17.9226 
1323 18.5388 
1323 18.9767 
1323 19.2951 
1323 19.5508 
1323 19.7171 
1323 19.6994 
1323 19.4111 
1323 18.8771 
1322 18.249 
1322 17.7246 
1322 17.5039 
1322 17.675 
1322 18.1469 
1322 18.6769 
1322 19.0246 
1322 19.0487 
1322 18.7602 
1322 18.3304 
1321 17.9744 
1321 17.8945 
1321 18.1992 
1321 18.86 
1321 19.7181 
1321 20.5724 
1321 21.263 
1321 21.7057 
1321 21.9102 
1321 21.9074 
1320 21.6876 
1320 21.2103 
1320 20.5085 
1320 19.6866 
1320 18.8859 
1320 18.2598 
1320 17.9084 
1320 17.8204 
1320 17.9136 
1320 18.0286 
1319 18.0009 
1319 17.7365 
1319 17.2872 
1319 16.7987 
1319 16.4307 
1319 16.3296 
1319 16.5581 
1319 17.1162 
1319 17.8517 
1319 18.5805 
1318 19.1463 
1318 19.4531 
1318 19.4887 
1318 19.2654 
1318 18.7945 
1318 18.0893 
1318 17.218 
1318 16.2901 
1318 15.4323 
1318 14.7686 
1317 14.3699 
1317 14.2066 
1317 14.216 
1317 14.2686 
1317 14.2144 
1317 13.9652 
1317 13.55 
1317 13.0974 
1317 12.7555 
1317 12.672 
1316 12.9185 
1316 13.4944 
1316 14.2625 
1316 15.0361 
1316 15.6579 
1316 16.035 
1316 16.171 
1316 16.109 
1316 15.8651 
1316 15.4188 
1315 14.7752 
1315 14.0052 
1315 13.2429 
1315 12.6409 
1315 12.3355 
1315 12.3899 
1315 12.738 
1315 13.1799 
1315 13.4976 
1315 13.5499 
1314 13.3218 
1314 12.9384 
1314 12.5944 
1314 12.4999 
1314 12.788 
1314 13.4231 
1314 14.2516 
1314 15.0818 
1314 15.762 
1314 16.2154 
1313 16.4933 
1313 16.6738 
1313 16.7733 
1313 16.7339 
1313 16.4686 
1313 15.9707 
1313 15.3444 
1313 14.7896 
1313 14.5306 
1313 14.6771 
1312 15.1832 
1312 15.827 
1312 16.3568 
1312 16.5779 
1312 16.439 
1312 16.0542 
1312 15.6619 
1312 15.5134 
1312 15.723 
1312 16.2419 
1311 16.9029 
1311 17.498 
1311 17.9196 
1311 18.1576 
1311 18.2775 
1311 18.3429 
1311 18.3471 
1311 18.2364 
1311 17.9255 
1311 17.3886 
1310 16.6902 
1310 16.0411 
1310 15.6467 
1310 15.612 
1310 15.907 
1310 16.3523 
1310 16.71 
1310 16.7782 
1310 16.498 
1310 15.9783 
1309 15.4597 
1309 15.1668 
1309 15.2059 
1309 15.5361 
1309 16.0026 
1309 16.412 
1309 16.6656 
1309 16.7734 
1309 16.7968 
1309 16.7852 
1308 16.733 
1308 16.5807 
1308 16.2484 
1308 15.704 
1308 15.0031 
1308 14.353 
1308 13.9576 
1308 13.9307 
1308 14.253 
1308 14.7465 
1307 15.171 
1307 15.313 
1307 15.1121 
1307 14.6681 
1307 14.2072 
1307 13.9792 
1307 14.1068 
1307 14.5635 
1307 15.2013 
1307 15.8356 
1306 16.3506 
1306 16.7072 
1306 16.9618 
1306 17.1814 
1306 17.3526 
1306 17.4098 
1306 17.2432 
1306 16.8198 
1306 16.2298 
1306 15.6738 
1305 15.3819 
1305 15.4793 
1305 15.9473 
1305 16.5742 
1305 17.0967 
1305 17.3146 
1305 17.1836 
1305 16.8269 
1305 16.4487 
1305 16.2867 
1304 16.5026 
1304 17.0823 
1304 17.9013 
1304 18.772 
1304 19.5343 
1304 20.0839 
1304 20.4301 
1304 20.621 
1304 20.6568 
1304 20.4797 
1303 20.038 
1303 19.3803 
1303 18.6489 
1303 18.0165 
1303 17.6394 
1303 17.5823 
1303 17.7905 
1303 18.0935 
1303 18.2794 
1303 18.2133 
1302 17.8858 
1302 17.4257 
1302 17.0181 
1302 16.8438 
1302 17.0012 
1302 17.5145 
1302 18.2653 
1302 19.0612 
1302 19.7363 
1302 20.172 
1301 20.3428 
1301 20.2467 
1301 19.9009 
1301 19.3062 
1301 18.5055 
1301 17.6017 
1301 16.7189 
1301 15.9925 
1301 15.5115 
1301 15.2725 
1300 15.2117 
1300 15.2157 
1300 15.1437 
1300 14.8943 
1300 14.4722 
1300 13.9908 
1300 13.5885 
1300 13.41 
1300 13.5379 
1300 14.0003 
1299 14.6934 
1299 15.4299 
1299 16.0581 
1299 16.459 
1299 16.6055 
1299 16.5068 
1299 16.1821 
1299 15.6361 
1299 14.8942 
1299 14.0479 
1298 13.2108 
1298 12.5165 
1298 12.0838 
1298 11.9476 
1298 12.0662 
1298 12.3074 
1298 12.4793 
1298 12.4496 
1298 12.185 
1298 11.7884 
1297 11.4152 
1297 11.2431 
1297 11.4049 
1297 11.9251 
1297 12.699 
1297 13.5346 
1297 14.2638 
1297 14.7701 
1297 15.0526 
1297 15.1774 
1296 15.184 
1296 15.0399 
1296 14.6869 
1296 14.1236 
1296 13.4542 
1296 12.8404 
1296 12.471 
1296 12.4909 
1296 12.8925 
1296 13.4921 
1295 14.0359 
1295 14.313 
1295 14.256 
1295 13.9471 
1295 13.5729 
1295 13.3787 
1295 13.5418 
1295 14.0631 
1295 14.8023 
1295 15.5664 
1294 16.2004 
1294 16.6306 
1294 16.8979 
1294 17.087 
1294 17.2118 
1294 17.23 
1294 17.0551 
1294 16.6433 
1294 16.0356 
1294 15.4146 
1293 15.0109 
1293 14.9543 
1293 15.2623 
1293 15.7761 
1293 16.2617 
1293 16.4926 
1293 16.3668 
1293 15.9523 
1293 15.4573 
1293 15.1377 
1292 15.1332 
1292 15.4366 
1292 15.92 
1292 16.3899 
1292 16.7101 
1292 16.8662 
1292 16.9059 
1292 16.8908 
1292 16.8289 
1292 16.6839 
1291 16.3761 
1291 15.8547 
1291 15.1573 
1291 14.45 
1291 13.9471 
1291 13.7757 
1291 13.9567 
1291 14.3509 
1291 14.7414 
1291 14.9047 
1290 14.735 
1290 14.286 
1290 13.7616 
1290 13.4111 
1290 13.379 
1290 13.6743 
1290 14.1745 
1290 14.6945 
1290 15.0986 
1290 15.3614 
1289 15.5168 
1289 15.6284 
1289 15.7088 
1289 15.7103 
1289 15.5433 
1289 15.1489 
1289 14.557 
1289 13.937 
1289 13.5266 
1289 13.4774 
1288 13.8147 
1288 14.382 
1288 14.9369 
1288 15.2519 
1288 15.2206 
1288 14.909 
1288 14.5015 
1288 14.2469 
1288 14.3353 
1288 14.7958 
1287 15.5127 
1287 16.3108 
1287 17.0433 
1287 17.6116 
1287 18.012 
1287 18.3046 
1287 18.512 
1287 18.5814 
1287 18.4097 
1287 17.97 
1286 17.3615 
1286 16.7519 
1286 16.3412 
1286 16.2748 
1286 16.5586 
1286 17.0291 
1286 17.4426 
1286 17.613 
1286 17.4668 
1286 17.0951 
1285 16.6814 
1285 16.4347 
1285 16.5152 
1285 16.969 
1285 17.7184 
1285 18.5739 
1285 19.3587 
1285 19.935 
1285 20.2639 
1285 20.3571 
1284 20.2262 
1284 19.8503 
1284 19.2276 
1284 18.4379 
1284 17.5985 
1284 16.8575 
1284 16.3388 
1284 16.0848 
1284 16.0473 
1284 16.1233 
1283 16.1486 
1283 15.9925 
1283 15.6281 
1283 15.1524 
1283 14.7096 
1283 14.4523 
1283 14.4866 
1283 14.8539 
1283 15.4935 
1283 16.2289 
1282 16.8962 
1282 17.3513 
1282 17.5521 
1282 17.4847 
1282 17.1649 
1282 16.6032 
1282 15.8313 
1282 14.9405 
1282 14.0442 
1282 13.2728 
1281 12.7286 
1281 12.4399 
1281 12.3699 
1281 12.4316 
1281 12.4702 
1281 12.3596 
1281 12.0524 
1281 11.6257 
1281 11.2171 
1281 10.9809 
1280 11.0362 
1280 11.4276 
1280 12.106 
1280 12.896 
1280 13.6277 
1280 14.1621 
1280 14.4545 
1280 14.5313 
1280 14.4292 
1280 14.1483 
1279 13.6564 
1279 12.9818 
1279 12.2275 
1279 11.5346 
1279 11.057 
1279 10.9144 
1279 11.1283 
1279 11.5652 
1279 11.9988 
1279 12.2393 
1278 12.1924 
1278 11.9031 
1278 11.5269 
1278 11.2761 
1278 11.341 
1278 11.7834 
1278 12.5035 
1278 13.3305 
1278 14.0899 
1278 14.6623 
1277 15.0292 
1277 15.2629 
1277 15.4222 
1277 15.4794 
1277 15.3561 
1277 14.9976 
1277 14.4392 
1277 13.827 
1277 13.3894 
1277 13.2982 
1276 13.5977 
1276 14.1588 
1276 14.7516 
1276 15.1408 
1276 15.1885 
1276 14.9215 
1276 14.4998 
1276 14.1885 
1276 14.1746 
1276 14.4998 
1275 15.0586 
1275 15.6598 
1275 16.1409 
1275 16.4478 
1275 16.6006 
1275 16.673 
1275 16.6887 
1275 16.6227 
1275 16.4063 
1275 15.9775 
1274 15.3486 
1274 14.6424 
1274 14.0919 
1274 13.8433 
1274 13.9504 
1274 14.3092 
1274 14.7191 
1274 14.9483 
1274 14.8574 
1274 14.4621 
1273 13.9283 
1273 13.4991 
1273 13.3526 
1273 13.5292 
1273 13.9325 
1273 14.3909 
1273 14.7438 
1273 14.9493 
1273 15.0353 
1273 15.0647 
1272 15.0563 
1272 14.9795 
1272 14.7698 
1272 14.3586 
1272 13.7508 
1272 13.0663 
1272 12.5345 
1272 12.3138 
1272 12.4684 
1272 12.9005 
1271 13.3998 
1271 13.7239 
1271 13.7326 
1271 13.4374 
1271 12.985 
1271 12.6302 
1271 12.5692 
1271 12.8655 
1271 13.4339 
1271 14.1086 
1270 14.7346 
1270 15.22 
1270 15.562 
1270 15.8278 
1270 16.0511 
1270 16.1892 
1270 16.1527 
1270 15.8647 
1270 15.3523 
1270 14.7649 
1269 14.3145 
1269 14.1875 
1269 14.4502 
1269 14.9922 
1269 15.5666 
1269 15.9402 
1269 15.9882 
1269 15.7426 
1269 15.3591 
1269 15.0628 
1268 15.0576 
1268 15.4281 
1268 16.1195 
1268 16.9754 
1268 17.8125 
1268 18.4911 
1268 18.9482 
1268 19.2102 
1268 19.3055 
1268 19.2079 
1267 18.8581 
1267 18.2669 
1267 17.5393 
1267 16.8266 
1267 16.2879 
1267 16.0324 
1267 16.0602 
1267 16.2745 
1267 16.4842 
1267 16.5231 
1266 16.3103 
1266 15.8992 
1266 15.4516 
1266 15.1368 
1266 15.0981 
1266 15.3967 
1266 16.011 
1266 16.7754 
1266 17.5164 
1266 18.0824 
1265 18.4003 
1265 18.4427 
1265 18.2288 
1265 17.7623 
1265 17.0591 
1265 16.1993 
1265 15.2947 
1265 14.4742 
1265 13.8493 
1265 13.4721 
1264 13.3061 
1264 13.2732 
1264 13.2518 
1264 13.1122 
1264 12.7897 
1264 12.3428 
1264 11.8954 
1264 11.5859 
1264 11.5378 
1264 11.8077 
1263 12.3852 
1263 13.1094 
1263 13.8202 
1263 14.3691 
1263 14.6811 
1263 14.7431 
1263 14.5786 
1263 14.1971 
1263 13.5967 
1263 12.8326 
1262 12.0031 
1262 11.2294 
1262 10.6495 
1262 10.3554 
1262 10.3562 
1262 10.5763 
1262 10.8369 
1262 10.9656 
1262 10.8631 
1262 10.5504 
1261 10.1609 
1261 9.85824 
1261 9.81948 
1261 10.1371 
1261 10.7758 
1261 11.5869 
1261 12.386 
1261 13.0298 
1261 13.4463 
1261 13.6768 
1260 13.7823 
1260 13.7653 
1260 13.5729 
1260 13.1599 
1260 12.5631 
1260 11.9154 
1260 11.397 
1260 11.1969 
1260 11.3921 
1260 11.9014 
1259 12.4966 
1259 12.9384 
1259 13.079 
1259 12.9106 
1259 12.5537 
1259 12.2371 
1259 12.1856 
1259 12.4961 
1259 13.1009 
1259 13.8331 
1258 14.5124 
1258 15.0226 
1258 15.3488 
1258 15.5561 
1258 15.6961 
1258 15.7519 
1258 15.6675 
1258 15.3676 
1258 14.8474 
1258 14.2004 
1257 13.6525 
1257 13.3771 
1257 13.4635 
1257 13.8465 
1257 14.3342 
1257 14.6927 
1257 14.7502 
1257 14.4771 
1257 13.9997 
1257 13.561 
1256 13.3667 
1256 13.4856 
1256 13.8608 
1256 14.3341 
1256 14.7272 
1256 14.9665 
1256 15.0653 
1256 15.0811 
1256 15.0454 
1256 14.9497 
1255 14.7384 
1255 14.3346 
1255 13.7351 
1255 13.0194 
1255 12.4014 
1255 12.0478 
1255 12.0445 
1255 12.34 
1255 12.7578 
1255 13.0706 
1254 13.1055 
1254 12.8206 
1254 12.3381 
1254 11.891 
1254 11.6905 
1254 11.8213 
1254 12.2333 
1254 12.7775 
1254 13.2809 
1254 13.6621 
1253 13.9111 
1253 14.0766 
1253 14.2082 
1253 14.2834 
1253 14.2392 
1253 13.9867 
1253 13.51 
1253 12.8996 
1253 12.3714 
1253 12.1279 
1252 12.2665 
1252 12.7292 
1252 13.3136 
1252 13.7771 
1252 13.9457 
1252 13.7935 
1252 13.4367 
1252 13.0929 
1252 12.9884 
1252 13.2505 
1251 13.8427 
1251 14.6185 
1251 15.4204 
1251 16.1143 
1251 16.6257 
1251 16.9837 
1251 17.2325 
1251 17.3597 
1251 17.2867 
1251 16.9515 
1250 16.3951 
1250 15.7519 
1250 15.2085 
1250 14.9308 
1250 14.9977 
1250 15.3367 
1250 15.7464 
1250 16.0156 
1250 16.0125 
1250 15.7359 
1249 15.3305 
1249 14.9753 
1249 14.8644 
1249 15.0966 
1249 15.6768 
1249 16.4695 
1249 17.2907 
1249 17.9814 
1249 18.4412 
1249 18.6527 
1248 18.6272 
1248 18.3553 
1248 17.8324 
1248 17.1009 
1248 16.2644 
1248 15.4493 
1248 14.7907 
1248 14.3758 
1248 14.1947 
1248 14.1836 
1247 14.2168 
1247 14.1427 
1247 13.8789 
1247 13.4542 
1247 12.9882 
1247 12.6188 
1247 12.4831 
1247 12.6509 
1247 13.1407 
1247 13.8269 
1246 14.5398 
1246 15.1211 
1246 15.4775 
1246 15.5748 
1246 15.4151 
1246 15.0089 
1246 14.3691 
1246 13.556 
1246 12.6713 
1246 11.8317 
1245 11.1602 
1245 10.7333 
1245 10.5546 
1245 10.5724 
1245 10.6627 
1245 10.672 
1245 10.5004 
1245 10.1517 
1245 9.73643 
1245 9.39419 
1244 9.27795 
1244 9.47048 
1244 9.99806 
1244 10.7418 
1244 11.5246 
1244 12.1905 
1244 12.6347 
1244 12.8518 
1244 12.8848 
1244 12.7505 
1243 12.4254 
1243 11.8881 
1243 11.2001 
1243 10.4793 
1243 9.87642 
1243 9.54302 
1243 9.57265 
1243 9.9216 
1243 10.3997 
1243 10.789 
1242 10.9323 
1242 10.7877 
1242 10.4605 
1242 10.1258 
1242 9.99644 
1242 10.2222 
1242 10.7847 
1242 11.5468 
1242 12.3355 
1242 13.0031 
1241 13.4691 
1241 13.7652 
1241 13.9708 
1241 14.0895 
1241 14.0789 
1241 13.8574 
1241 13.4099 
1241 12.814 
1241 12.2612 
1241 11.963 
1240 12.031 
1240 12.435 
1240 13.0011 
1240 13.4964 
1240 13.7248 
1240 13.6147 
1240 13.2508 
1240 12.8473 
1240 12.6445 
1240 12.7584 
1239 13.1649 
1239 13.7183 
1239 14.238 
1239 14.6119 
1239 14.823 
1239 14.9172 
1239 14.9449 
1239 14.9061 
1239 14.7604 
1239 14.4349 
1238 13.9042 
1238 13.2151 
1238 12.564 
1238 12.1372 
1238 12.0392 
1238 12.2586 
1238 12.6434 
1238 12.9799 
1238 13.0718 
1238 12.8447 
1237 12.3787 
1237 11.8804 
1237 11.5764 
1237 11.5773 
1237 11.8665 
1237 12.3147 
1237 12.745 
1237 13.0529 
1237 13.228 
1237 13.3112 
1236 13.3485 
1236 13.331 
1236 13.2218 
1236 12.9419 
1236 12.4574 
1236 11.8136 
1236 11.1988 
1236 10.8138 
1236 10.7772 
1236 11.0855 
1235 11.5793 
1235 12.0287 
1235 12.2385 
1235 12.1271 
1235 11.7686 
1235 11.3587 
1235 11.1373 
1235 11.248 
1235 11.6889 
1235 12.3373 
1234 13.0306 
1234 13.6364 
1234 14.0948 
1234 14.4298 
1234 14.6989 
1234 14.897 
1234 14.9666 
1234 14.81 
1234 14.4033 
1234 13.8419 
1233 13.3026 
1233 12.9804 
1233 13.0176 
1233 13.4001 
1233 13.9443 
1233 14.4112 
1233 14.6198 
1233 14.5133 
1233 14.1904 
1233 13.8294 
1232 13.6485 
1232 13.798 
1232 14.308 
1232 15.0803 
1232 15.9366 
1232 16.7151 
1232 17.2958 
1232 17.658 
1232 17.828 
1232 17.8034 
1231 17.549 
1231 17.0365 
1231 16.3453 
1231 15.595 
1231 14.9389 
1231 14.5095 
1231 14.3541 
1231 14.4293 
1231 14.605 
1231 14.7018 
1230 14.5972 
1230 14.2678 
1230 13.8285 
1230 13.4286 
1230 13.2271 
1230 13.3215 
1230 13.7516 
1230 14.4272 
1230 15.1761 
1230 15.8409 
1229 16.2957 
1229 16.4902 
1229 16.4192 
1229 16.0898 
1229 15.5105 
1229 14.7293 
1229 13.8441 
1229 12.9695 
1229 12.2305 
1229 11.7142 
1228 11.4289 
1228 11.321 
1228 11.3074 
1228 11.2489 
1228 11.0408 
1228 10.6686 
1228 10.2244 
1228 9.83269 
1228 9.63313 
1228 9.71736 
1227 10.1286 
1227 10.7814 
1227 11.5167 
1227 12.18 
1227 12.6445 
1227 12.8713 
1227 12.8645 
1227 12.6415 
1227 12.2043 
1227 11.5611 
1226 10.7899 
1226 9.98952 
1226 9.30193 
1226 8.85021 
1226 8.6992 
1226 8.83159 
1226 9.11872 
1226 9.36734 
1226 9.43315 
1226 9.25935 
1225 8.92226 
1225 8.55741 
1225 8.35576 
1225 8.46601 
1225 8.9263 
1225 9.6468 
1225 10.4581 
1225 11.1983 
1225 11.7466 
1225 12.089 
1224 12.2823 
1224 12.3588 
1224 12.3053 
1224 12.0486 
1224 11.5736 
1224 10.9611 
1224 10.364 
1224 9.97831 
1224 9.95081 
1224 10.2936 
1223 10.8532 
1223 11.3913 
1223 11.7115 
1223 11.7163 
1223 11.4555 
1223 11.0945 
1223 10.8753 
1223 10.969 
1223 11.3953 
1223 12.0386 
1222 12.7208 
1222 13.2878 
1222 13.6842 
1222 13.9247 
1222 14.0774 
1222 14.156 
1222 14.1293 
1222 13.9286 
1222 13.5118 
1222 12.9088 
1221 12.28 
1221 11.8307 
1221 11.6957 
1221 11.9001 
1221 12.315 
1221 12.7364 
1221 12.9502 
1221 12.8449 
1221 12.4615 
1221 11.98 
1220 11.6358 
1220 11.5659 
1220 11.7939 
1220 12.2116 
1220 12.6474 
1220 12.9677 
1220 13.1453 
1220 13.2091 
1220 13.2084 
1220 13.1526 
1219 13.0156 
1219 12.7238 
1219 12.2394 
1219 11.5854 
1219 10.9077 
1219 10.4096 
1219 10.2183 
1219 10.368 
1219 10.7412 
1219 11.1413 
1218 11.3549 
1218 11.2604 
1218 10.8975 
1218 10.4304 
1218 10.0982 
1218 10.0552 
1218 10.3327 
1218 10.8347 
1218 11.3967 
1218 11.8842 
1217 12.2476 
1217 12.4882 
1217 12.673 
1217 12.8107 
1217 12.8621 
1217 12.7438 
1217 12.4001 
1217 11.8622 
1217 11.2823 
1217 10.882 
1216 10.8152 
1216 11.1115 
1216 11.6477 
1216 12.1919 
1216 12.5302 
1216 12.5552 
1216 12.3134 
1216 11.9576 
1216 11.7111 
1216 11.7685 
1215 12.1855 
1215 12.8708 
1215 13.683 
1215 14.4659 
1215 15.0998 
1215 15.5511 
1215 15.8545 
1215 16.0305 
1215 16.0393 
1215 15.8045 
1214 15.3231 
1214 14.6906 
1214 14.0679 
1214 13.6229 
1214 13.4755 
1214 13.6343 
1214 13.9713 
1214 14.2789 
1214 14.3918 
1214 14.2359 
1213 13.8821 
1213 13.4817 
1213 13.2255 
1213 13.2538 
1213 13.6277 
1213 14.2975 
1213 15.096 
1213 15.8584 
1213 16.4412 
1213 16.7858 
1212 16.8781 
1212 16.7173 
1212 16.3076 
1212 15.66 
1212 14.8577 
1212 14.0112 
1212 13.2525 
1212 12.6899 
1212 12.3638 
1212 12.2364 
1211 12.2286 
1211 12.1973 
1211 12.0307 
1211 11.6858 
1211 11.2383 
1211 10.81 
1211 10.5373 
1211 10.5265 
1211 10.8301 
1211 11.412 
1210 12.1161 
1210 12.7819 
1210 13.277 
1210 13.5381 
1210 13.5404 
1210 13.2942 
1210 12.8095 
1210 12.1103 
1210 11.2795 
1210 10.4213 
1209 9.65943 
1209 9.09621 
1209 8.78986 
1209 8.71849 
1209 8.8074 
1209 8.90114 
1209 8.8672 
1209 8.63961 
1209 8.27009 
1209 7.88318 
1208 7.63024 
1208 7.63705 
1208 7.97529 
1208 8.60931 
1208 9.38384 
1208 10.1333 
1208 10.718 
1208 11.0783 
1208 11.2371 
1208 11.2331 
1207 11.0645 
1207 10.6867 
1207 10.1135 
1207 9.42746 
1207 8.76035 
1207 8.26999 
1207 8.09949 
1207 8.29063 
1207 8.73213 
1207 9.20734 
1206 9.51933 
1206 9.55168 
1206 9.33568 
1206 8.99379 
1206 8.7315 
1206 8.74777 
1206 9.11614 
1206 9.7596 
1206 10.5227 
1206 11.2443 
1205 11.8065 
1205 12.1762 
1205 12.4245 
1205 12.5911 
1205 12.6538 
1205 12.5508 
1205 12.2282 
1205 11.7055 
1205 11.1072 
1205 10.6516 
1204 10.4978 
1204 10.6978 
1204 11.161 
1204 11.6854 
1204 12.0493 
1204 12.1096 
1204 11.8662 
1204 11.4542 
1204 11.1156 
1204 11.0316 
1203 11.2566 
1203 11.7054 
1203 12.2238 
1203 12.6514 
1203 12.9299 
1203 13.0677 
1203 13.1183 
1203 13.1019 
1203 13.0048 
1203 12.7707 
1202 12.3447 
1202 11.7293 
1202 11.038 
1202 10.4789 
1202 10.1913 
1202 10.2365 
1202 10.534 
1202 10.9083 
1202 11.1447 
1202 11.1005 
1201 10.7685 
1201 10.2786 
1201 9.86439 
1201 9.69937 
1201 9.84032 
1201 10.2173 
1201 10.6815 
1201 11.0792 
1201 11.3554 
1201 11.514 
