1300 145.666 
1300 92.9709 
1300 76.1586 
1300 65.8912 
1300 58.7388 
1300 53.3814 
1300 49.157 
1300 45.6943 
1300 42.755 
1300 40.1914 
1300 37.9218 
1300 35.9516 
1300 34.335 
1300 33.0881 
1300 32.1617 
1300 31.4595 
1300 30.9147 
1300 30.4371 
1300 29.9395 
1300 29.3717 
1300 28.7265 
1300 28.0776 
1300 27.5348 
1300 27.1871 
1300 27.1063 
1300 27.2337 
1300 27.4752 
1300 27.7101 
1300 27.9076 
1300 28.0156 
1300 28.0314 
1300 27.9457 
1300 27.76 
1300 27.4235 
1300 26.9494 
1300 26.4177 
1300 25.9036 
1300 25.4671 
1300 25.1856 
1300 25.1179 
1300 25.236 
1300 25.4553 
1300 25.5994 
1300 25.5876 
1300 25.4326 
1300 25.1976 
1300 24.9855 
1300 24.9151 
1300 25.0716 
1300 25.5042 
1300 26.167 
1300 26.8016 
1300 27.3725 
1300 27.828 
1300 28.1298 
1300 28.2615 
1300 28.2113 
1300 27.9921 
1300 27.6504 
1300 27.2267 
1300 26.7749 
1300 26.3664 
1300 26.0983 
1300 25.9814 
1300 25.9723 
1300 26.0046 
1300 26.0211 
1300 25.9563 
1300 25.751 
1300 25.4968 
1300 25.3032 
1300 25.2498 
1300 25.4086 
1300 25.8319 
1300 26.4841 
1300 27.2025 
1300 27.8227 
1300 28.302 
1300 28.5671 
1300 28.6229 
1300 28.4394 
1300 28.0395 
1300 27.4934 
1300 26.8835 
1300 26.2853 
1300 25.772 
1300 25.3821 
1300 25.1047 
1300 24.8626 
1300 24.6374 
1300 24.4026 
1300 24.1534 
1300 23.8558 
1300 23.5338 
1300 23.2743 
1300 23.1635 
1300 23.2703 
1300 23.6216 
1300 24.1814 
1300 24.8214 
1300 25.3694 
1300 25.7784 
1300 25.9769 
1300 25.966 
1300 25.6931 
1300 25.2103 
1300 24.5905 
1300 23.9146 
1300 23.256 
1300 22.6987 
1300 22.2983 
1300 22.0504 
1300 21.8867 
1300 21.7639 
1300 21.63 
1300 21.4798 
1300 21.2266 
1300 20.9114 
1300 20.6333 
1300 20.4858 
1300 20.5408 
1300 20.8596 
1300 21.421 
1300 22.0505 
1300 22.5717 
1300 22.9525 
1300 23.1624 
1300 23.1948 
1300 23.0354 
1300 22.6901 
1300 22.218 
1300 21.6737 
1300 21.1217 
1300 20.642 
1300 20.3167 
1300 20.1893 
1300 20.2279 
1300 20.3561 
1300 20.5327 
1300 20.5519 
1300 20.416 
1300 20.1792 
1300 19.9458 
1300 19.8401 
1300 19.9302 
1300 20.2601 
1300 20.7864 
1300 21.2557 
1300 21.6513 
1300 21.9211 
1300 22.0546 
1300 22.0578 
1300 21.9515 
1300 21.7255 
1300 21.3562 
1300 20.9109 
1300 20.4764 
1300 20.1145 
1300 19.8894 
1300 19.8591 
1300 20.0515 
1300 20.3308 
1300 20.5421 
1300 20.5912 
1300 20.5001 
1300 20.3296 
1300 20.1705 
1300 20.1292 
1300 20.2915 
1300 20.6285 
1300 21.036 
1300 21.4313 
1300 21.7334 
1300 21.941 
1300 22.0374 
1300 22.0548 
1300 21.9728 
1300 21.7487 
1300 21.3968 
1300 20.9776 
1300 20.5718 
1300 20.2385 
1300 20.0411 
1300 20.0372 
1300 20.1988 
1300 20.4239 
1300 20.6009 
1300 20.6238 
1300 20.5029 
1300 20.2977 
1300 20.0996 
1300 20.0118 
1300 20.1273 
1300 20.4287 
1300 20.8388 
1300 21.2679 
1300 21.6223 
1300 21.8952 
1300 22.0633 
1300 145.666 
1300 92.9709 
1300 76.1586 
1300 65.8912 
1300 58.7388 
1300 53.3814 
1300 49.157 
1300 45.6943 
1300 42.755 
1300 40.1914 
1300 37.9218 
1300 35.9516 
1300 34.335 
1300 33.0881 
1300 32.1617 
1300 31.4595 
1300 30.9147 
1300 30.4371 
1300 29.9395 
1300 29.3717 
1300 28.7265 
1300 28.0776 
1300 27.5348 
1300 27.1871 
1300 27.1063 
1300 27.2337 
1300 27.4752 
1300 27.7101 
1300 27.9076 
1300 28.0156 
1300 28.0314 
1300 27.9457 
1300 27.76 
1300 27.4235 
1300 26.9494 
1300 26.4177 
1300 25.9036 
1300 25.4671 
1300 25.1856 
1300 25.1179 
1300 25.236 
1300 25.4553 
1300 25.5994 
1300 25.5876 
1300 25.4326 
1300 25.1976 
1300 24.9855 
1300 24.9151 
1300 25.0716 
1300 25.5042 
1300 26.167 
1300 26.8016 
1300 27.3725 
1300 27.828 
1300 28.1298 
1300 28.2615 
1300 28.2113 
1300 27.9921 
1300 27.6504 
1300 27.2267 
1300 26.7749 
1300 26.3664 
1300 26.0983 
1300 25.9814 
1300 25.9723 
1300 26.0046 
1300 26.0211 
1300 25.9563 
1300 25.751 
1300 25.4968 
1300 25.3032 
1300 25.2498 
1300 25.4086 
1300 25.8319 
1300 26.4841 
1300 27.2025 
1300 27.8227 
1300 28.302 
1300 28.5671 
1300 28.6229 
1300 28.4394 
1300 28.0395 
1300 27.4934 
1300 26.8835 
1300 26.2853 
1300 25.772 
1300 25.3821 
1300 25.1047 
1300 24.8626 
1300 24.6374 
1300 24.4026 
1300 24.1534 
1300 23.8558 
1300 23.5338 
1300 23.2743 
1300 23.1635 
1300 23.2703 
1300 23.6216 
1300 24.1814 
1300 24.8214 
1300 25.3694 
1300 25.7784 
1300 25.9769 
1300 25.966 
1300 25.6931 
1300 25.2103 
1300 24.5905 
1300 23.9146 
1300 23.256 
1300 22.6987 
1300 22.2983 
1300 22.0504 
1300 21.8867 
1300 21.7639 
1300 21.63 
1300 21.4798 
1300 21.2266 
1300 20.9114 
1300 20.6333 
1300 20.4858 
1300 20.5408 
1300 20.8596 
1300 21.421 
1300 22.0505 
1300 22.5717 
1300 22.9525 
1300 23.1624 
1300 23.1948 
1300 23.0354 
1300 22.6901 
1300 22.218 
1300 21.6737 
1300 21.1217 
1300 20.642 
1300 20.3167 
1300 20.1893 
1300 20.2279 
1300 20.3561 
1300 20.5327 
1300 20.5519 
1300 20.416 
1300 20.1792 
1300 19.9458 
1300 19.8401 
1300 19.9302 
1300 20.2601 
1300 20.7864 
1300 21.2557 
1300 21.6513 
1300 21.9211 
1300 22.0546 
1300 22.0578 
1300 21.9515 
1300 21.7255 
1300 21.3562 
1300 20.9109 
1300 20.4764 
1300 20.1145 
1300 19.8894 
1300 19.8591 
1300 20.0515 
1300 20.3308 
1300 20.5421 
1300 20.5912 
1300 20.5001 
1300 20.3296 
1300 20.1705 
1300 20.1292 
1300 20.2915 
1300 20.6285 
1300 21.036 
1300 21.4313 
1300 21.7334 
1300 21.941 
1300 22.0374 
1300 22.0548 
1300 21.9728 
1300 21.7487 
1300 21.3968 
1300 20.9776 
1300 20.5718 
1300 20.2385 
1300 20.0411 
1300 20.0372 
1300 20.1988 
1300 20.4239 
1300 20.6009 
1300 20.6238 
1300 20.5029 
1300 20.2977 
1300 20.0996 
1300 20.0118 
1300 20.1273 
1300 20.4287 
1300 20.8388 
1300 21.2679 
1300 21.6223 
1300 21.8952 
1300 22.0633 
