
100 100 1300 0.9 0.5 1 1 1 0.7 0.6 0 100 50000 300000 0 350.004 
100 100 1300 0.9 0.5 1 1 1 0.7 0.6 0 110 50000 300000 0 352.431 
100 100 1300 0.9 0.5 1 1 1 0.7 0.6 0 120 50000 300000 0 354.32 
100 100 1300 0.9 0.5 1 1 1 0.7 0.6 0 130 50000 300000 0 356.012 
100 100 1300 0.9 0.5 1 1 1 0.7 0.6 0 140 50000 300000 0 357.526 
100 100 1300 0.9 0.5 1 1 1 0.7 0.6 0 150 50000 300000 0 358.653 
100 100 1300 0.9 0.5 1 1 1 0.7 0.6 0 160 50000 300000 0 359.886 
100 100 1300 0.9 0.5 1 1 1 0.7 0.6 0 170 50000 300000 0 360.665 
100 100 1300 0.9 0.5 1 1 1 0.7 0.6 0 180 50000 300000 0 361.509 
100 100 1300 0.9 0.5 1 1 1 0.7 0.6 0 190 50000 300000 0 362.139 
100 100 1300 0.9 0.5 1 1 1 0.7 0.6 0 200 50000 300000 0 362.616 
100 100 1300 0.9 0.5 1 1 1 0.7 0.6 0 0 50000 300000 0 301.29 
100 100 1300 0.9 0.5 1 1 1 0.7 0.6 0 10 50000 300000 0 308.705 
100 100 1300 0.9 0.5 1 1 1 0.7 0.6 0 20 50000 300000 0 315.591 
100 100 1300 0.9 0.5 1 1 1 0.7 0.6 0 30 50000 300000 0 321.7 
100 100 1300 0.9 0.5 1 1 1 0.7 0.6 0 40 50000 300000 0 327.479 
100 100 1300 0.9 0.5 1 1 1 0.7 0.6 0 50 50000 300000 0 332.406 
100 100 1300 0.9 0.5 1 1 1 0.7 0.6 0 60 50000 300000 0 336.954 
100 100 1300 0.9 0.5 1 1 1 0.7 0.6 0 70 50000 300000 0 340.901 
100 100 1300 0.9 0.5 1 1 1 0.7 0.6 0 80 50000 300000 0 344.309 
100 100 1300 0.9 0.5 1 1 1 0.7 0.6 0 90 50000 300000 0 347.479 
100 100 1300 0.9 0.5 1 1 1 0.7 0.6 0 10 50000 300000 0 308.705 
100 100 1300 0.9 0.5 1 1 1 0.7 0.6 0 20 50000 300000 0 315.591 
100 100 1300 0.9 0.5 1 1 1 0.7 0.6 0 30 50000 300000 0 321.7 
100 100 1300 0.9 0.5 1 1 1 0.7 0.6 0 40 50000 300000 0 327.479 
100 100 1300 0.9 0.5 1 1 1 0.7 0.6 0 50 50000 300000 0 332.406 
100 100 1300 0.9 0.5 1 1 1 0.7 0.6 0 60 50000 300000 0 336.954 
100 100 1300 0.9 0.5 1 1 1 0.7 0.6 0 70 50000 300000 0 340.901 
100 100 1300 0.9 0.5 1 1 1 0.7 0.6 0 80 50000 300000 0 344.309 
100 100 1300 0.9 0.5 1 1 1 0.7 0.6 0 90 50000 300000 0 347.479 
100 100 1300 0.9 0.5 1 1 1 0.7 0.6 0 100 50000 300000 0 350.004 
100 100 1300 0.9 0.5 1 1 1 0.7 0.6 0 110 50000 300000 0 352.431 
100 100 1300 0.9 0.5 1 1 1 0.7 0.6 0 120 50000 300000 0 354.32 
100 100 1300 0.9 0.5 1 1 1 0.7 0.6 0 130 50000 300000 0 356.012 
100 100 1300 0.9 0.5 1 1 1 0.7 0.6 0 140 50000 300000 0 357.526 
100 100 1300 0.9 0.5 1 1 1 0.7 0.6 0 150 50000 300000 0 358.653 
100 100 1300 0.9 0.5 1 1 1 0.7 0.6 0 160 50000 300000 0 359.886 
100 100 1300 0.9 0.5 1 1 1 0.7 0.6 0 170 50000 300000 0 360.665 
100 100 1300 0.9 0.5 1 1 1 0.7 0.6 0 180 50000 300000 0 361.509 
100 100 1300 0.9 0.5 1 1 1 0.7 0.6 0 190 50000 300000 0 362.139 
100 100 1300 0.9 0.5 1 1 1 0.7 0.6 0 200 50000 300000 0 362.616 
100 100 1300 0.9 0.5 1 1 1 0.9 0.6 0 200 50000 300000 0 362.616 
100 100 1300 0.9 0.5 1 1 1 0.9 0.9 0 200 50000 300000 0 275.33 
100 100 1300 0.9 0.5 1 1 1 0.9 0.9 0 200 50000 300000 0 275.33 
100 100 1300 0.9 0.5 1 1 1 0.9 0.95 0 200 50000 300000 0 255.47 
100 100 1300 0.9 0.5 1 1 0 0.9 0.95 0 200 50000 300000 0 255.47 
100 100 1300 0.9 0.5 1 1 0 0.9 0.95 0 20 50000 300000 0 292.267 
100 100 1300 0.9 0.5 1 1 0 0.9 0.5 0 20 50000 300000 0 322.16 
100 100 1300 0.9 0.5 1 1 0 0.9 0.5 0 20 50000 300000 0 322.16 
100 100 1300 0.9 0.5 1 1 0 0.9 0.5 0 32 50000 300000 0 332.452 
100 100 1300 0.8 0.5 1 1 1 0.7 0.6 0 100 50000 300000 0 309.188 
100 100 1300 0.8 0.5 1 1 1 0.7 0.6 0 100 50000 300000 0 309.188 
100 100 1300 0.8 0.5 1 1 1 0.7 0.6 0 100 50000 300000 0 309.188 
100 100 1300 0.8 0.5 1 1 1 0.7 0.9 0 100 50000 300000 0 255.063 
10 10 1300 0.8 0.5 1 1 1 0.7 0.9 0 100 50000 300000 0 255.003 
100 100 1300 0.8 0.5 1 1 1 0.7 0.9 0 100 50000 300000 0 255.063 
100 100 1300 0.8 0.5 1 1 1 0.7 0.9 0 112 50000 300000 0 252.272 
100 100 1300 0.8 0.5 1 1 1 0.7 0.96 0 112 50000 300000 0 238.394 
100 100 13 0.8 0.5 1 0 1 0.7 0.96 0 112 50000 300000 0 300.153 
100 100 1300 0.8 0.5 1 0 0 0.7 0.96 0 112 50000 300000 0 315.283 
100 100 1300 0.8 0.5 1 0 0 0.7 0.5 0 112 50000 300000 0 491.036 
100 100 1300 0.8 0.5 1 0 0 0.7 0.5 0 12 50000 300000 0 322.984 
100 100 1300 0.8 0.5 1 0 0 0.7 0.5 0 48 50000 300000 0 383.402 
100 100 1300 0.8 0.5 1 0 0 0.7 0.5 0 124 50000 300000 0 510.998 
100 100 1300 0.8 0.5 1 0 0 0.7 0.5 0 132 50000 300000 0 524.558 
100 100 1300 0.8 0.5 1 0 0 0.7 0.5 0 124 50000 300000 0 510.998 
100 100 1300 0.8 0.5 1 1 1 0.7 0.6 0 100 50000 300000 0 309.188 
100 100 1300 0.8 0.5 1 1 1 0.7 0.6 0 100 50000 300000 0 309.188 
100 112 1300 0.8 0.5 1 1 1 0.7 0.6 0 100 50000 300000 0 309.187 
100 124 1300 0.8 0.5 1 1 1 0.7 0.6 0 100 50000 300000 0 309.187 
100 12 1300 0.8 0.5 1 1 1 0.7 0.6 0 100 50000 300000 0 309.403 
100 100 1300 0.8 0.5 1 1 1 0.7 0.6 0 112 50000 300000 0 309.445 
100 100 1300 0.9 0.5 1 1 1 0.7 0.6 0 112 50000 300000 0 352.861 
100 100 1300 0.8 0.5 1 1 1 0.7 0.6 0 100 50000 300000 0 309.188 
100 100 1300 0.8 0.5 1 1 1 0.7 0.6 0 100 50000 300000 0 309.188 
100 100 1300 0.8 0.5 1 1 1 0.7 0.6 0 100 50000 300000 0 309.188 
